,City,Cloudiness,Country,Date,Humidity,Lat,Lng,Max Temp,Wind Speed
0,Luanda,40,AO,1551661200,88,-8.83,13.24,300.15,1.0
1,Port Alfred,0,ZA,1551663274,91,-33.59,26.89,292.59,2.06
2,Cape Town,0,ZA,1551663312,93,-33.93,18.42,293.15,3.1
3,Kapaa,90,US,1551663510,56,22.08,-159.32,297.15,8.7
4,Sao Jose da Coroa Grande,64,BR,1551663666,97,-8.9,-35.15,298.037,3.11
5,Mataura,76,NZ,1551663007,49,-46.19,168.86,293.15,6.26
6,Airai,20,TL,1551663647,74,-8.93,125.41,300.937,0.71
7,Kampong Thum,0,KH,1551663835,51,12.71,104.89,304.387,4.81
8,Narsaq,56,GL,1551660600,39,60.91,-46.05,272.15,6.7
9,Okmulgee,1,US,1551663831,67,35.62,-95.96,267.59,6.7
10,Broken Hill,0,AU,1551661200,21,-31.97,141.45,307.15,3.1
11,Ushuaia,40,AR,1551661200,40,-54.81,-68.31,284.15,3.1
12,Yellowknife,20,CA,1551661200,42,62.45,-114.38,260.15,2.6
13,Rincon,90,US,1551663524,94,32.3,-81.24,293.15,1.5
14,Vaini,0,IN,1551661200,88,15.34,74.49,290.15,1.11
15,Severo-Kurilsk,64,RU,1551663568,100,50.68,156.12,269.637,9.41
16,Perth,90,GB,1551663482,93,56.4,-3.43,278.15,4.1
17,Tecpan,40,GT,1551663603,82,14.76,-90.99,293.15,5.1
18,Atuona,0,PF,1551663570,100,-9.8,-139.03,300.712,5.51
19,Crotone,0,IT,1551663826,100,39.09,17.12,286.662,3.16
20,Norman Wells,20,CA,1551661200,50,65.28,-126.83,259.15,1.0
21,Mahebourg,20,MU,1551663547,78,-20.41,57.7,299.15,2.1
22,Qaanaaq,0,GL,1551663425,76,77.48,-69.36,250.912,3.41
23,Port Elizabeth,90,US,1551663551,93,39.31,-74.98,277.59,4.1
24,Khatanga,0,RU,1551663548,59,71.98,102.47,251.512,6.46
25,Nikolskoye,8,RU,1551663334,92,59.7,30.79,262.59,2.0
26,Santa Ines,75,EC,1551663151,76,-0.82,-78.63,286.15,3.1
27,Iskateley,44,RU,1551663805,56,67.68,53.15,251.962,3.96
28,Rikitea,88,PF,1551663548,97,-23.12,-134.97,300.312,5.26
29,Wellington,0,NZ,1551663625,64,-41.29,174.78,295.93,11.3
30,Albany,90,US,1551663543,100,42.65,-73.75,274.15,1.5
31,Saint Anthony,1,US,1551660960,45,43.97,-111.68,270.15,1.31
32,Guerrero Negro,0,MX,1551663559,94,27.97,-114.04,287.512,6.36
33,Mundwa,88,IN,1551663842,87,27.06,73.82,287.912,3.46
34,Mitsamiouli,20,KM,1551663842,97,-11.38,43.28,301.412,5.16
35,Maniitsoq,36,GL,1551663842,76,65.42,-52.9,262.512,1.51
36,Tuktoyaktuk,90,CA,1551661200,92,69.44,-133.03,268.15,8.7
37,Ancud,68,CL,1551661200,93,-41.87,-73.83,283.15,1.0
38,Dikson,20,RU,1551663554,93,73.51,80.55,252.812,10.26
39,Rongcheng,0,CN,1551663618,79,37.16,122.42,284.82,0.45
40,Boa Vista,0,BR,1551661200,45,2.82,-60.67,304.15,5.7
41,Saldanha,92,PT,1551663652,95,41.42,-6.55,282.762,4.46
42,Ginda,8,IN,1551663845,88,30.69,78.49,275.812,0.91
43,Faanui,8,PF,1551663574,100,-16.48,-151.75,301.912,1.66
44,Hobart,75,AU,1551663256,28,-42.88,147.33,297.04,4.1
45,Nabinagar,75,BD,1551661200,93,23.88,90.97,292.15,2.21
46,Soe,90,EE,1551663677,92,57.91,26.05,271.15,4.6
47,Arraial do Cabo,88,BR,1551663603,99,-22.97,-42.02,298.462,2.71
48,Shiraz,0,IR,1551661200,55,29.61,52.54,276.15,2.1
49,Ponta do Sol,76,BR,1551663322,93,-20.63,-46.0,292.137,2.51
50,Hilo,90,US,1551663496,60,19.71,-155.08,296.48,4.1
51,Honningsvag,76,NO,1551663847,100,70.98,25.97,268.687,12.31
52,Puerto Ayora,40,EC,1551657600,78,-0.74,-90.35,301.15,4.6
53,Bambous Virieux,20,MU,1551663547,78,-20.34,57.76,299.15,2.1
54,Salalah,20,OM,1551660600,64,17.01,54.1,297.15,1.5
55,Kruisfontein,0,ZA,1551663582,82,-34.0,24.73,288.287,3.11
56,Port Hardy,75,CA,1551661200,80,50.7,-127.42,274.15,10.3
57,Heze,0,CN,1551663849,63,35.25,115.45,286.862,4.26
58,Busselton,0,AU,1551663312,29,-33.64,115.35,300.37,8.61
59,Santa Isabel,75,CO,1551661200,100,4.71,-75.1,296.15,2.6
60,Kahului,40,US,1551663383,42,20.89,-156.47,300.15,7.7
61,Fangshan,56,CN,1551663751,39,39.75,116.14,293.71,4.0
62,Guymon,90,US,1551663763,61,36.68,-101.48,262.15,5.7
63,Ahuimanu,1,US,1551663821,83,21.44,-157.84,297.15,7.7
64,East London,0,ZA,1551663448,100,-33.02,27.91,296.437,4.46
65,Leningradskiy,48,RU,1551663548,97,69.38,178.42,266.312,7.61
66,Luderitz,0,NA,1551663471,79,-26.65,15.16,290.187,8.11
67,Oktyabrskiy,40,RU,1551663623,92,55.61,37.97,269.26,1.0
68,Mar del Plata,0,AR,1551663580,52,-46.43,-67.52,286.437,7.16
69,Jamestown,8,AU,1551663468,77,-33.21,138.6,303.112,2.21
70,Vrangel,12,RU,1551663633,90,42.73,133.08,276.012,4.61
71,Port Lincoln,0,AU,1551663574,82,-34.72,135.86,295.362,3.71
72,Thompson,75,CA,1551661200,77,55.74,-97.86,258.15,5.7
73,Fairbanks,90,US,1551663479,85,64.84,-147.72,269.82,1.5
74,New Norfolk,75,AU,1551663556,28,-42.78,147.06,297.04,4.1
75,Mutis,20,CO,1551663853,91,6.23,-77.4,295.762,0.76
76,Whitehorse,20,CA,1551662108,34,60.72,-135.06,267.15,2.6
77,Tiksi,0,RU,1551663590,65,71.64,128.87,255.012,4.31
78,Punta Arenas,75,CL,1551663186,65,-53.16,-70.91,281.15,7.7
79,Barrow,76,AR,1551663559,93,-38.31,-60.23,291.712,5.66
80,Yeppoon,20,AU,1551661200,45,-23.13,150.74,303.15,7.2
81,Vanimo,80,PG,1551663855,99,-2.67,141.3,301.362,5.91
82,Avarua,12,CK,1551661200,69,-21.21,-159.78,301.15,3.6
83,Souillac,90,FR,1551663548,76,45.6,-0.6,287.04,8.2
84,Hermanus,36,ZA,1551663073,84,-34.42,19.24,290.93,2.68
85,Hofn,80,IS,1551663547,100,64.25,-15.21,275.412,16.61
86,Bredasdorp,32,ZA,1551661200,88,-34.53,20.04,290.15,2.6
87,Bluff,0,AU,1551663406,38,-23.58,149.07,305.212,6.21
88,Tura,0,IN,1551663470,69,25.52,90.21,291.937,1.51
89,Port Hawkesbury,1,CA,1551663665,92,45.62,-61.36,264.26,2.1
90,Viedma,0,AR,1551663769,87,-40.81,-62.99,290.462,3.96
91,Los Llanos de Aridane,0,ES,1551661200,68,28.66,-17.92,291.15,4.6
92,Iqaluit,75,CA,1551663161,69,63.75,-68.52,248.15,2.1
93,Yerbogachen,0,RU,1551663570,75,61.28,108.01,262.512,2.11
94,Ucluelet,75,CA,1551663317,56,48.94,-125.55,279.82,5.1
95,Brae,64,GB,1551660600,93,60.4,-1.35,279.15,5.1
96,Pisco,0,PE,1551661200,78,-13.71,-76.2,296.15,6.2
97,The Valley,20,AI,1551663104,73,18.22,-63.06,298.15,7.2
98,Esperance,75,TT,1551663307,88,10.24,-61.45,297.15,2.86
99,Butaritari,88,KI,1551663552,100,3.07,172.79,299.862,3.36
100,Lagoa,0,PT,1551663654,82,37.14,-8.45,286.15,4.6
101,Ravar,0,IR,1551663859,80,31.27,56.81,271.862,0.86
102,Buin,0,CL,1551661200,45,-33.73,-70.74,292.15,4.1
103,Vardo,90,US,1551663516,96,39.62,-77.74,274.26,3.6
104,Pathri,0,IN,1551663859,56,19.26,76.43,294.137,2.46
105,Grindavik,0,IS,1551663555,74,63.84,-22.43,275.37,8.7
106,Bosaso,92,SO,1551663691,100,11.28,49.18,298.062,1.61
107,Kodiak,1,US,1551663371,23,39.95,-94.76,258.15,3.1
108,Provideniya,92,RU,1551663665,93,64.42,-173.23,272.137,15.71
109,Qingdao,0,CN,1551661200,72,36.09,120.35,281.15,1.0
110,Chuy,0,UY,1551663595,93,-33.69,-53.46,291.112,4.91
111,Muzaffarabad,20,PK,1551663861,91,34.37,73.47,279.537,1.31
112,Ilulissat,80,GL,1551660600,78,69.22,-51.1,265.15,1.0
113,Saint-Philippe,90,CA,1551663428,68,45.36,-73.48,271.15,1.5
114,Beziers,90,FR,1551663725,87,43.35,3.22,285.37,5.1
115,Derzhavinsk,64,KZ,1551663606,93,51.1,66.31,268.037,5.11
116,Gigmoto,92,PH,1551663863,100,13.78,124.39,298.787,3.26
117,Talnakh,76,RU,1551663616,77,69.49,88.39,256.362,2.81
118,Verona,0,IT,1551663845,75,45.44,10.99,282.15,0.5
119,North Platte,1,US,1551663314,70,41.12,-100.77,256.48,2.6
120,Bida,64,NG,1551663864,67,9.08,6.02,299.462,1.31
121,Kaeo,48,NZ,1551663485,48,-35.1,173.78,299.82,3.13
122,Lompoc,90,US,1551663436,93,34.64,-120.46,287.59,5.7
123,Providencia,36,CO,1551663864,84,1.24,-77.6,283.637,0.86
124,Rawson,76,AR,1551663686,23,-43.3,-65.11,295.312,7.16
125,Kavieng,20,PG,1551663473,100,-2.57,150.8,302.037,1.66
126,Ribeira Grande,75,PT,1551661200,62,38.52,-28.7,288.15,6.7
127,Sorochinsk,80,RU,1551663865,83,52.43,53.15,263.112,6.81
128,San Patricio,0,PY,1551663661,61,-26.98,-56.83,297.112,2.16
129,Kaeng Khoi,0,TH,1551663698,84,14.59,101.0,304.26,2.24
130,College,90,US,1551663642,85,64.86,-147.8,269.82,1.5
131,Zyryanka,32,RU,1551663716,52,65.73,150.89,253.012,1.81
132,Jalu,0,LY,1551663867,88,29.03,21.55,280.037,1.66
133,Dicabisagan,24,PH,1551663557,92,17.08,122.42,298.862,1.76
134,Shevchenko,12,UA,1551663867,79,48.22,37.14,268.762,6.26
135,Aksu,90,KZ,1551661200,86,52.04,76.93,272.15,3.0
136,Ocotal,0,NI,1551663775,86,13.63,-86.48,291.48,0.96
137,Goreloye,88,RU,1551663868,89,52.92,41.5,270.312,6.81
138,Bud,64,NO,1551663116,93,62.91,6.91,276.15,2.1
139,Aktau,75,KZ,1551661200,92,43.65,51.16,269.15,2.0
140,Bhuj,0,IN,1551663869,81,23.25,69.67,288.662,3.66
141,Aklavik,75,CA,1551661200,57,68.22,-135.01,265.15,2.6
142,Dingle,8,PH,1551663870,61,11.0,122.67,303.162,4.61
143,Poum,0,MK,1551663870,73,41.28,20.71,263.462,0.46
144,Lebu,12,ET,1551661200,77,8.96,38.73,288.15,3.6
145,Ambon,36,FR,1551663863,71,47.55,-2.56,283.71,8.2
146,Zhirnovsk,88,RU,1551663871,91,50.98,44.78,267.912,6.86
147,Portoferraio,56,IT,1551663821,75,42.81,10.31,283.15,3.11
148,Melilla,75,EC,1551661200,94,-0.8,-80.23,298.15,2.1
149,Fortuna,0,ES,1551663603,81,38.18,-1.13,287.04,2.1
150,Sitka,88,US,1551663101,77,37.17,-99.65,259.26,4.47
151,Caravelas,48,BR,1551663578,100,-17.73,-39.27,301.512,5.01
152,Hobyo,92,SO,1551663625,89,5.35,48.53,298.262,5.26
153,Pulivendla,0,IN,1551663873,61,14.42,78.23,299.362,1.81
154,Cidreira,56,BR,1551663602,82,-30.17,-50.22,296.412,5.66
155,Hay River,40,CA,1551661200,65,60.82,-115.79,257.15,2.6
156,Terney,36,RU,1551663873,72,45.05,136.61,273.962,2.31
157,Saskylakh,20,RU,1551663554,63,71.97,114.09,253.287,6.81
158,Maragogi,64,BR,1551663767,97,-9.01,-35.22,298.037,3.11
159,Sao Desiderio,0,BR,1551663874,87,-12.36,-44.97,293.312,1.21
160,Oranjemund,80,ZA,1551663875,92,-28.55,16.43,290.312,3.66
161,Seidu,20,NG,1551663875,69,8.32,4.47,293.612,2.21
162,Lata,8,IN,1551663585,88,30.78,78.62,275.812,0.91
163,Naga,44,PH,1551663875,87,13.62,123.19,300.362,4.06
164,Gunjur,0,GM,1551661200,49,13.18,-16.76,293.15,3.6
165,Hokitika,56,NZ,1551663876,95,-42.72,170.96,289.187,4.11
166,Businga,32,CD,1551663876,95,3.34,20.89,293.612,2.01
167,General Roca,0,AR,1551661200,30,-39.03,-67.58,295.15,6.2
168,Tortoli,5,IT,1551660900,81,39.93,9.66,284.15,4.1
169,Alta Floresta,12,BR,1551663877,95,-9.87,-56.08,296.537,0.91
170,Qaqortoq,68,GL,1551660600,39,60.72,-46.03,272.15,6.7
171,Goderich,0,CA,1551663605,86,43.74,-81.71,265.93,4.92
172,Dnestrovsc,0,MD,1551661200,87,46.62,29.91,273.15,3.0
173,Ahipara,64,NZ,1551663667,60,-35.17,173.16,296.212,4.36
174,Marienburg,75,DE,1551663858,66,52.12,9.98,286.15,7.2
175,Estelle,40,US,1551663795,63,32.87,-97.01,273.15,7.2
176,Isoka,88,ZM,1551663879,93,-10.15,32.64,290.887,2.46
177,Castro,88,CL,1551661200,93,-42.48,-73.76,283.15,1.0
178,Babu,56,CN,1551663879,79,23.23,104.89,291.262,1.66
179,Moosomin,44,CA,1551663624,73,50.14,-101.67,255.037,7.16
180,Whitefish,1,US,1551663417,46,48.41,-114.33,260.15,1.5
181,Waingapu,44,ID,1551663880,82,-9.65,120.26,302.787,2.66
182,Tasiilaq,64,GL,1551660600,85,65.61,-37.64,266.15,7.7
183,Adrar,0,DZ,1551661200,16,27.87,-0.29,287.15,5.1
184,Talakan,0,RU,1551663881,58,50.29,130.28,272.112,1.66
185,San Quintin,0,PH,1551663842,53,17.54,120.52,301.912,1.56
186,Longyearbyen,75,NO,1551660600,64,78.22,15.63,253.15,5.1
187,Pampa,90,US,1551663156,66,35.54,-100.96,265.15,7.7
188,Suntar,44,RU,1551663696,72,62.16,117.65,262.312,1.96
189,Rafai,8,CF,1551663882,68,4.95,23.92,291.662,2.41
190,Lorengau,24,PG,1551663680,94,-2.02,147.27,302.437,3.56
191,Anadyr,90,RU,1551663186,93,64.73,177.51,273.15,15.0
192,Katsuura,75,JP,1551662684,93,33.93,134.5,283.15,4.6
193,Thai Nguyen,75,VN,1551661200,69,21.59,105.84,296.15,3.1
194,Srednekolymsk,48,RU,1551663614,57,67.46,153.71,252.037,1.51
195,Sarkand,8,KZ,1551663883,81,45.41,79.91,269.962,1.16
196,Portland,1,US,1551663668,32,45.52,-122.67,276.48,10.8
197,Lensk,64,RU,1551663884,76,60.71,114.91,264.137,1.66
198,Adre,12,TD,1551663884,60,13.47,22.2,290.887,1.21
199,Dunedin,0,NZ,1551663451,53,-45.87,170.5,294.26,4.47
200,Geraldton,5,CA,1551661200,57,49.72,-86.95,250.15,2.6
201,Kendari,64,ID,1551663885,81,-3.99,122.52,302.562,1.41
202,Cascais,75,PT,1551663870,93,38.7,-9.42,288.71,5.7
203,Hasaki,90,JP,1551663275,100,35.73,140.83,285.15,6.7
204,Bantogon,20,PH,1551663886,55,6.53,124.03,302.962,1.21
205,Pevek,80,RU,1551663624,81,69.7,170.27,259.712,4.66
206,Zitlala,0,MX,1551663887,73,17.69,-99.19,290.612,0.81
207,Tilichiki,0,RU,1551663679,89,60.47,166.1,268.512,1.86
208,Saint George,0,GR,1551663802,73,39.45,22.34,280.37,0.61
209,Mian Channun,8,PK,1551663888,99,30.44,72.35,285.537,2.26
210,Pirapora,92,BR,1551663888,94,-17.35,-44.95,294.012,1.61
211,Jiayuguan,0,CN,1551663888,63,39.77,98.29,269.712,1.71
212,Katangli,0,RU,1551663709,100,51.71,143.23,267.312,4.61
213,Nadym,88,RU,1551663889,88,65.53,72.51,267.262,5.56
214,Henties Bay,92,NA,1551661331,85,-22.12,14.28,292.59,1.79
215,Kearney,1,US,1551663663,64,40.7,-99.08,256.15,4.1
216,Saint-Augustin,75,FR,1551663548,71,44.83,-0.61,287.15,9.3
217,Georgetown,20,GY,1551661200,94,6.8,-58.16,300.15,2.1
218,Gisborne,0,NZ,1551663605,66,-38.66,178.02,297.59,3.13
219,Namibe,64,AO,1551663668,100,-15.19,12.15,297.162,2.36
220,Alofi,100,NU,1551661200,88,-19.06,-169.92,299.15,1.0
221,Saurimo,32,AO,1551663891,95,-9.66,20.4,290.862,1.11
222,Cabo San Lucas,5,MX,1551663353,44,22.89,-109.91,300.15,2.6
223,Eufaula,90,US,1551663086,100,31.89,-85.15,291.15,2.6
224,Alugan,64,PH,1551663892,94,12.22,125.48,299.637,3.76
225,Wajima,75,JP,1551661200,87,37.4,136.9,279.15,4.1
226,Atasu,92,KZ,1551663812,94,48.68,71.64,275.012,7.06
227,Itarema,92,BR,1551663892,100,-2.92,-39.92,296.362,1.41
228,Bethel,1,US,1551660960,69,60.79,-161.76,275.15,5.1
229,Yichang,68,CN,1551663893,98,30.77,111.32,284.137,1.86
230,Gainesville,40,US,1551663744,52,29.65,-82.33,295.93,6.2
231,Ballina,24,IE,1551663495,79,54.11,-9.15,279.26,2.68
232,Rosetta,76,EG,1551663691,90,31.4,30.42,285.687,2.86
233,Ola,0,RU,1551663894,100,59.58,151.3,258.662,3.36
234,Ginir,88,ET,1551663894,72,7.14,40.71,288.512,1.16
235,Flinders,0,AU,1551663546,40,-34.58,150.85,304.15,3.1
236,Russell,20,AR,1551661200,44,-33.01,-68.8,300.15,1.0
237,Torbay,90,CA,1551663511,79,47.66,-52.73,268.71,7.2
238,Chokurdakh,12,RU,1551663335,63,70.62,147.9,250.962,3.21
239,Upernavik,24,GL,1551663545,100,72.79,-56.15,258.362,1.31
240,Moose Factory,90,CA,1551661200,76,51.26,-80.61,251.15,1.0
241,Zhigansk,76,RU,1551663596,78,66.77,123.37,256.412,2.66
242,Mayo,5,CA,1551661200,40,63.59,-135.9,263.15,1.0
243,Tabou,24,CI,1551663896,96,4.42,-7.36,301.512,4.51
244,Sao Filipe,0,CV,1551663600,94,14.9,-24.5,294.762,7.46
245,Lac du Bonnet,48,CA,1551663879,81,50.25,-96.06,252.04,1.79
246,Kamenka,88,RU,1551662640,89,53.19,44.05,270.37,6.16
247,Davila,20,PH,1551661200,57,18.47,120.58,299.15,2.1
248,Kaitangata,8,NZ,1551663622,35,-46.28,169.85,297.04,4.92
249,Puerto Baquerizo Moreno,88,EC,1551663898,100,-0.9,-89.6,300.562,2.11
250,Mount Isa,0,AU,1551661200,31,-20.73,139.49,305.15,5.1
251,Gamba,44,CN,1551663684,85,28.28,88.52,256.437,1.16
252,Nuevo Progreso,90,US,1551663878,87,26.05,-97.95,289.15,7.2
253,Vanavara,0,RU,1551663899,79,60.35,102.28,262.787,1.96
254,Inhambane,48,MZ,1551663899,94,-23.87,35.38,299.512,3.56
255,Calama,0,CL,1551661200,45,-22.46,-68.93,290.15,7.2
256,Arlit,0,NE,1551663899,40,18.74,7.39,285.062,2.21
257,Surt,8,LY,1551663900,100,31.21,16.59,284.537,4.56
258,Birjand,44,IR,1551663900,71,32.86,59.22,270.712,1.41
259,Liepaja,44,LV,1551662400,100,56.52,21.02,276.15,3.1
260,Bathsheba,75,BB,1551661200,83,13.22,-59.52,298.15,7.7
261,Omsukchan,68,RU,1551663821,77,62.53,155.8,251.962,3.61
262,Bundaberg,40,AU,1551663609,51,-24.87,152.35,303.15,9.8
263,North Myrtle Beach,90,US,1551663792,100,33.83,-78.68,292.59,7.7
264,Roald,88,NO,1551663603,93,62.58,6.12,276.48,2.1
265,Tautira,20,PF,1551663782,62,-17.73,-149.15,305.15,2.6
266,Mezen,64,RU,1551663902,78,65.85,44.24,258.962,1.41
267,Victoria,75,BN,1551661200,79,5.28,115.24,302.15,1.66
268,Aswan,0,EG,1551663592,81,24.09,32.9,280.287,1.86
269,Ciudad Bolivar,0,VE,1551663903,54,8.12,-63.55,300.712,7.31
270,Severodvinsk,90,RU,1551661200,92,64.56,39.82,259.15,0.96
271,Vao,48,EE,1551663634,87,59.1,26.19,267.462,3.06
272,Verkhoyansk,36,RU,1551663781,71,67.55,133.39,246.012,1.61
273,Tuatapere,8,NZ,1551663007,49,-46.13,167.69,293.15,6.26
274,Suozhen,0,CN,1551662979,47,36.95,118.1,284.26,1.79
275,Yulara,0,AU,1551661200,13,-25.24,130.99,309.15,6.7
276,Pacific Grove,90,US,1551663544,81,36.62,-121.92,286.48,2.1
277,Natchitoches,90,US,1551663549,87,31.76,-93.09,280.15,4.6
278,Zavetnoye,36,RU,1551663906,88,47.12,43.89,268.012,6.26
279,Arman,0,RU,1551663906,61,59.7,150.17,261.437,5.21
280,Crawley,40,GB,1551663905,93,51.11,-0.18,282.15,4.1
281,Pangnirtung,56,CA,1551663599,72,66.15,-65.72,249.112,0.66
282,Avera,90,US,1551663777,93,33.19,-82.53,293.15,4.1
283,Padang,75,ID,1551661200,94,-0.92,100.36,298.15,1.0
284,Pointe Michel,75,DM,1551661200,73,15.25,-61.38,298.15,5.1
285,Yumen,0,CN,1551663648,50,40.29,97.04,275.637,2.71
286,Stephenville,1,US,1551663426,68,32.22,-98.2,274.15,5.7
287,Cedar Lake,1,US,1551663622,48,41.36,-87.44,265.37,4.1
288,Tekeli,0,KZ,1551663909,79,44.86,78.76,270.662,1.46
289,Turbat,0,PK,1551663909,92,26.0,63.05,286.387,3.01
290,Nouadhibou,0,MR,1551661200,72,20.93,-17.03,290.15,8.2
291,Tacoronte,92,ES,1551663616,87,28.48,-16.41,290.93,3.1
292,Acajutla,0,SV,1551663910,82,13.59,-89.83,296.962,1.21
293,Myitkyina,92,MM,1551663910,85,25.38,97.4,291.187,1.51
294,Sorland,68,NO,1551663343,100,67.67,12.69,274.362,5.01
295,Kwinana,0,AU,1551663884,27,-32.25,115.77,305.37,4.6
296,Skibbereen,40,IE,1551661200,100,51.55,-9.27,275.15,3.6
297,Karratha,48,AU,1551663671,27,-20.74,116.85,309.962,1.61
298,Priargunsk,48,RU,1551663912,35,50.37,119.09,276.262,2.71
299,Manicore,20,BR,1551663677,92,-5.81,-61.3,297.762,0.91
300,Palmas,40,BR,1551661200,94,-10.18,-48.33,298.15,2.1
301,Tselinnoye,8,UA,1551663912,92,45.9,34.18,271.712,5.41
302,Sungaipenuh,36,ID,1551663912,85,-2.08,101.38,296.687,1.06
303,Bereda,80,ES,1551663843,62,43.27,-7.54,284.82,6.2
304,Baramula,92,IN,1551663913,96,34.2,74.35,273.437,0.51
305,Ponto Novo,88,BR,1551663914,92,-10.86,-40.13,294.712,0.91
306,Codrington,75,AU,1551663489,65,-28.95,153.24,302.59,0.5
307,Imeni Poliny Osipenko,0,RU,1551663914,78,52.42,136.49,267.887,1.61
308,Esil,0,KZ,1551663914,84,51.96,66.41,264.362,6.06
309,Caxito,88,BR,1551663915,91,-22.65,-42.51,296.187,1.41
310,Hirara,75,JP,1551661200,68,24.8,125.28,294.15,5.7
311,Sur,0,OM,1551663621,100,22.57,59.53,292.812,3.66
312,Danielskuil,0,ZA,1551663915,62,-28.19,23.54,287.112,2.86
313,Kommunisticheskiy,80,RU,1551663916,74,61.68,64.48,260.562,3.76
314,Kampot,20,KH,1551661200,78,10.62,104.18,299.15,0.5
315,Saint-Pierre,0,FR,1551663425,87,48.95,4.24,284.15,5.7
316,Bilma,0,NE,1551663904,27,18.69,12.92,285.887,5.01
317,Price,1,US,1551663843,69,39.6,-110.81,276.15,3.1
318,Pankrushikha,8,RU,1551663917,86,53.83,80.35,270.387,6.66
319,Banda Aceh,0,ID,1551663578,77,5.56,95.32,301.612,1.31
320,Filadelfia,12,PY,1551663918,56,-22.35,-60.04,303.537,4.91
321,Vestmannaeyjar,8,IS,1551663715,95,63.44,-20.27,275.312,5.86
322,Alzamay,12,RU,1551663918,82,55.55,98.67,269.287,2.11
323,Baruun-Urt,36,MN,1551663825,25,46.68,113.28,275.687,2.16
324,Richards Bay,88,ZA,1551663882,100,-28.77,32.06,293.762,1.41
325,Atambua,12,ID,1551663641,100,-9.11,124.89,301.012,1.01
326,Synya,44,RU,1551663701,72,65.37,58.04,255.387,3.11
327,Takoradi,88,GH,1551663919,97,4.89,-1.75,301.387,5.01
328,Itaborai,75,BR,1551663202,88,-22.74,-42.86,299.15,3.6
329,Mount Gambier,0,AU,1551661200,40,-37.83,140.78,295.15,3.1
330,Resistencia,0,AR,1551661200,69,-27.45,-58.99,301.15,3.6
331,Abilene,1,US,1551663874,66,32.45,-99.73,273.15,6.7
332,Sept-Iles,20,CA,1551663803,84,50.2,-66.38,262.59,2.1
333,Hammerfest,90,NO,1551660600,100,70.66,23.68,268.15,7.2
334,Lyubymivka,0,UA,1551663921,87,46.81,33.57,270.962,5.36
335,Matara,36,PE,1551663674,90,-13.74,-72.9,280.462,0.86
336,San Carlos de Bariloche,75,AR,1551661200,57,-41.13,-71.31,284.15,7.7
337,Necochea,100,AR,1551663674,78,-38.55,-58.74,293.15,3.13
338,Broome,92,GB,1551663916,70,52.47,1.45,283.15,10.3
339,La Libertad,40,PE,1551661200,76,-16.38,-71.56,287.15,2.6
340,Fort Morgan,80,US,1551663904,70,40.25,-103.8,256.15,2.11
341,Presidencia Roque Saenz Pena,20,AR,1551663922,52,-26.79,-60.44,301.212,5.31
342,Camopi,0,GF,1551663607,75,3.17,-52.33,297.462,1.81
343,Constitucion,5,MX,1551660120,7,23.99,-104.67,301.15,3.1
344,Hailar,88,CN,1551663923,39,49.2,119.7,275.012,4.56
345,Mgandu,56,TZ,1551663923,97,-5.96,34.11,289.387,1.31
346,Sawtell,90,AU,1551663798,69,-30.38,153.1,302.15,3.6
347,Mani,0,GR,1551663924,82,41.41,26.4,270.762,1.16
348,Iranshahr,0,IR,1551663924,90,27.21,60.69,277.962,1.51
349,Iralaya,76,HN,1551663685,83,15.0,-83.23,298.762,2.56
350,Duiwelskloof,92,ZA,1551663924,93,-23.69,30.14,293.287,2.31
351,La Ronge,75,CA,1551661200,65,55.1,-105.3,260.15,7.7
352,Khandyga,0,RU,1551663925,51,62.65,135.58,249.912,1.06
353,Marzuq,32,YE,1551663843,96,14.4,46.47,287.462,0.76
354,Kuzovatovo,76,RU,1551663925,83,53.54,47.69,268.362,5.91
355,Razole,0,IN,1551663926,96,16.48,81.84,300.387,5.41
356,Solnechnyy,20,RU,1551663554,77,50.72,136.64,269.162,1.16
357,Canavieiras,0,BR,1551663795,76,-15.68,-38.95,300.262,2.41
358,Nalut,0,LY,1551663564,89,31.86,10.98,278.112,1.26
359,Klaksvik,92,FO,1551662400,81,62.23,-6.59,279.15,6.2
360,Lahij,92,YE,1551663927,91,13.06,44.88,295.862,1.01
361,Bintulu,75,MY,1551661200,94,3.17,113.03,298.15,1.0
362,Kupang,20,ID,1551661200,62,-10.16,123.6,305.15,1.5
363,Berlevag,80,NO,1551663928,100,70.86,29.09,267.787,4.36
364,Havoysund,90,NO,1551660600,100,71.0,24.66,268.15,7.2
365,Roebourne,48,AU,1551663928,27,-20.77,117.15,309.962,1.61
366,Vostok,0,RU,1551663688,55,46.45,135.83,274.787,1.36
367,Ystad,90,SE,1551663916,100,55.43,13.82,278.71,4.1
368,Koflach,90,AT,1551663727,79,47.07,15.08,278.15,0.5
369,Uyemskiy,90,RU,1551661200,92,64.47,40.85,259.15,1.06
370,Deputatskiy,0,RU,1551663909,75,69.3,139.9,248.137,1.91
371,Meulaboh,0,ID,1551663587,100,4.14,96.13,301.362,2.11
372,Kitimat,5,CA,1551661200,23,54.02,-128.69,272.15,6.2
373,Koudougou,0,BF,1551663931,53,12.25,-2.37,290.112,1.36
374,Phalodi,76,IN,1551663931,82,27.13,72.36,288.037,4.11
375,Egvekinot,88,RU,1551663932,89,66.32,-179.17,269.862,4.81
376,Marsh Harbour,36,BS,1551663932,100,26.54,-77.06,294.762,3.01
377,Paita,64,PE,1551663565,75,-5.09,-81.11,297.687,2.21
378,Alyangula,40,AU,1551661200,59,-13.85,136.42,305.15,4.1
379,Praia da Vitoria,75,PT,1551661200,87,38.73,-27.07,285.15,7.46
380,Longido,92,TZ,1551663933,100,-2.73,36.7,288.812,1.76
381,Gallup,1,US,1551660780,46,35.53,-108.74,283.15,6.2
382,Westport,68,IE,1551663495,88,53.8,-9.52,279.26,3.21
383,Volot,68,RU,1551663934,82,57.93,30.71,267.062,2.86
384,Dalnegorsk,0,RU,1551663934,27,44.56,135.58,278.762,0.31
385,Lavrentiya,92,RU,1551663556,93,65.58,-170.99,271.012,15.36
386,Lazo,8,MD,1551663934,76,47.89,27.93,270.412,4.11
387,Shu,12,KZ,1551663851,83,43.6,73.76,274.287,1.91
388,Gimli,48,CA,1551663879,81,50.63,-96.99,252.59,1.79
389,La Tuque,88,CA,1551663936,87,47.44,-72.79,267.287,1.86
390,Vila Franca do Campo,20,PT,1551663374,62,37.72,-25.43,288.15,4.6
391,Bushehr,0,IR,1551661200,66,28.97,50.84,289.15,2.31
392,Bonavista,88,CA,1551663902,84,48.65,-53.11,267.59,3.58
393,Quatre Cocos,20,MU,1551663846,78,-20.21,57.76,299.15,2.1
394,Nacala,64,MZ,1551663937,100,-14.56,40.69,298.812,3.06
395,Faya,0,SA,1551661200,62,18.39,42.45,285.15,2.6
396,Inuvik,75,CA,1551661200,57,68.36,-133.71,265.15,2.6
397,Buseresere,36,TZ,1551663938,95,-3.01,31.92,288.962,1.36
398,Curup,56,ID,1551663938,82,-3.47,102.53,299.312,0.96
399,Port-Gentil,48,GA,1551663939,97,-0.72,8.78,300.662,2.31
400,Charlestown,90,US,1551663844,100,41.38,-71.64,274.82,1.5
401,Banamba,0,ML,1551663939,40,13.55,-7.45,286.862,2.31
402,Mamallapuram,40,IN,1551663226,88,12.63,80.17,299.26,1.5
403,Dudinka,68,RU,1551663852,74,69.41,86.18,256.962,5.96
404,Chinsali,68,ZM,1551663940,96,-10.55,32.07,289.862,2.11
405,Nuuk,0,GL,1551660600,92,64.17,-51.74,267.15,2.1
406,Leshukonskoye,76,RU,1551663940,75,64.9,45.76,259.312,1.36
407,Naifaru,76,MV,1551663941,100,5.44,73.37,301.312,4.91
408,Shambu,12,ET,1551663941,100,9.57,37.1,285.012,1.26
409,Nambucca Heads,90,AU,1551663844,69,-30.64,152.99,302.04,3.6
410,Pangody,88,RU,1551663941,82,65.85,74.49,266.162,6.91
411,Chitungwiza,0,ZW,1551663942,83,-18.01,31.07,287.562,1.36
412,Eyl,92,SO,1551663942,100,7.98,49.82,297.887,4.81
413,Santa Lucia,5,IT,1551660900,81,39.93,9.66,284.15,4.1
414,Otane,0,NZ,1551663556,42,-39.89,176.62,298.71,3.58
415,Taltal,0,CL,1551663671,90,-25.41,-70.49,287.537,0.51
416,Fayaoue,24,NC,1551663943,99,-20.65,166.53,300.412,4.01
417,Konstantinovka,0,MD,1551663020,65,47.99,28.86,273.71,0.89
418,Tiarei,20,PF,1551663782,62,-17.53,-149.33,305.15,2.6
419,Kulu,36,CD,1551663944,96,3.47,23.69,293.537,1.21
420,Floro,80,NO,1551663010,86,61.6,5.03,278.71,5.7
421,Antofagasta,75,CL,1551661200,77,-23.65,-70.4,293.15,5.1
422,Ixtapa,0,MX,1551663621,87,20.71,-105.21,297.04,2.24
423,Carnarvon,0,ZA,1551663537,69,-30.97,22.13,284.912,1.51
424,Kupino,0,RU,1551663945,87,54.36,77.31,271.662,7.66
425,Lardos,20,GR,1551663364,58,36.09,28.02,287.15,6.7
426,West Bay,36,GB,1551663941,87,50.71,-2.76,279.26,4.1
427,Urucara,24,BR,1551663946,82,-2.54,-57.76,299.462,1.76
428,Springbok,0,ZA,1551663946,87,-29.67,17.88,284.012,1.21
429,Harper,90,US,1551663932,61,30.3,-99.24,276.48,5.7
430,Humaita,40,AR,1551661200,83,-24.93,-65.37,300.15,1.0
431,Siavonga,0,ZW,1551663947,69,-16.54,28.71,294.662,2.66
432,Husavik,48,CA,1551663605,80,50.56,-96.99,252.59,2.68
433,Ormara,0,PK,1551663594,94,25.21,64.64,292.112,2.71
434,Novikovo,0,UA,1551663948,100,45.05,34.56,267.812,1.31
435,Banjarmasin,20,ID,1551661200,94,-3.32,114.59,299.15,3.1
436,Wanning,90,AT,1551663930,93,48.64,13.53,280.37,2.1
437,Chiang Klang,0,TH,1551661200,100,19.29,100.86,292.15,1.0
438,Sinnamary,92,GF,1551663829,95,5.38,-52.96,299.062,6.16
439,Clyde River,1,CA,1551661200,83,70.47,-68.59,247.15,1.0
440,Hualmay,32,PE,1551663665,90,-11.1,-77.61,293.037,1.16
441,Hamilton,75,BM,1551663096,94,32.3,-64.78,293.15,4.1
442,Batagay-Alyta,12,RU,1551663950,85,67.8,130.41,251.062,1.11
443,Port Hedland,36,AU,1551661200,34,-20.31,118.58,309.15,5.7
444,Ojinaga,1,US,1551663118,15,29.56,-104.41,299.15,2.1
445,Quelimane,92,MZ,1551663950,97,-17.88,36.89,296.462,5.61
446,Kavaratti,8,IN,1551663628,100,10.57,72.64,300.887,4.41
447,Cherskiy,44,RU,1551663569,71,68.75,161.3,252.037,2.91
448,Salta,40,AR,1551661200,83,-24.79,-65.41,300.15,1.0
449,Barguzin,80,RU,1551663951,82,53.62,109.63,268.562,1.21
450,Aljezur,92,PT,1551663654,96,37.31,-8.8,285.93,0.45
451,Zhanaozen,0,KZ,1551663689,79,43.35,52.85,265.662,1.21
452,Ilhabela,92,BR,1551663952,100,-23.78,-45.36,299.262,4.36
453,Tall Kayf,100,TR,1551663953,93,37.08,41.07,278.512,4.01
454,Soligalich,64,RU,1551663953,78,59.08,42.29,261.037,2.76
455,Pirojpur,64,BD,1551663712,59,22.58,89.97,295.512,2.26
456,Abu Zabad,0,SD,1551663642,26,12.35,29.25,291.187,4.76
457,Kurilsk,36,RU,1551663954,98,45.23,147.88,270.662,3.21
458,Rabo de Peixe,20,PT,1551663914,62,37.8,-25.58,288.15,4.6
459,Walvis Bay,56,NA,1551661331,82,-22.95,14.51,292.59,3.6
460,Yerky,80,UA,1551663954,88,49.93,33.53,272.012,7.16
461,Naliya,0,IN,1551663955,85,23.26,68.83,288.287,4.11
462,Wahiawa,40,US,1551663523,60,21.5,-158.02,297.15,5.7
463,Vila Velha,20,BR,1551663590,74,-3.71,-38.6,300.93,1.5
464,Sao Joao da Barra,48,BR,1551663684,97,-21.64,-41.05,301.712,8.16
465,Nsanje,88,MZ,1551663940,93,-16.92,35.26,296.712,1.31
466,San Pedro,56,AR,1551663715,64,-33.68,-59.66,298.262,6.81
467,Sibolga,0,ID,1551663957,89,1.74,98.78,298.937,0.86
468,Seoul,40,KR,1551662400,49,37.57,126.98,283.15,1.0
469,Gushikawa,20,JP,1551663786,60,26.35,127.87,293.15,7.2
470,Erzin,75,TR,1551663278,100,36.95,36.2,283.15,3.1
471,Palora,12,EC,1551663958,100,-1.7,-77.97,288.362,1.06
472,Amapa,40,HN,1551661200,78,15.09,-87.97,299.15,4.1
473,Talcahuano,0,CL,1551661200,72,-36.72,-73.12,288.15,6.2
474,Challapata,36,BO,1551663958,84,-18.9,-66.78,274.712,0.86
475,Tevaitoa,24,PF,1551663700,100,-16.78,-151.5,301.812,1.41
476,Ostrovnoy,32,RU,1551663681,72,68.05,39.51,255.362,5.21
477,Chambishi,44,ZM,1551663959,84,-12.63,28.07,293.612,3.56
478,Mecca,0,SA,1551663862,78,21.43,39.83,279.712,1.76
479,San Jeronimo,36,PE,1551663960,90,-13.65,-73.37,280.462,0.86
480,Carndonagh,92,IE,1551663960,74,55.25,-7.27,280.312,9.06
481,Rennes,92,FR,1551663725,76,48.11,-1.68,283.15,8.2
482,Ust-Maya,0,RU,1551663961,52,60.42,134.54,252.787,1.66
483,Elko,90,US,1551663820,74,40.83,-115.76,275.15,2.1
484,Otaru,75,JP,1551663610,60,43.18,140.99,279.26,4.6
485,Severo-Yeniseyskiy,56,RU,1551663962,77,60.37,93.04,268.887,3.56
486,Merauke,64,ID,1551663555,88,-8.49,140.4,303.537,1.91
487,Tazovskiy,88,RU,1551663608,88,67.47,78.7,264.712,7.91
488,Gasa,24,BT,1551663963,53,27.91,89.73,256.187,0.46
489,Midland,0,US,1551663903,64,32.0,-102.08,273.15,5.1
490,Veraval,75,FR,1551663935,71,49.65,0.71,284.82,11.8
491,Cairns,40,AU,1551663619,66,-16.92,145.77,303.15,6.7
492,Alexandria,90,US,1551663549,81,31.31,-92.44,281.15,4.6
493,Dzilam Gonzalez,0,MX,1551663807,46,21.28,-88.93,301.562,3.76
494,Bazarnyye Mataki,68,RU,1551663965,88,54.9,49.93,267.812,6.11
495,Huasahuasi,44,PE,1551663965,79,-11.27,-75.65,280.962,0.26
496,Dargaville,32,NZ,1551663966,48,-35.94,173.86,296.812,4.91
497,Hithadhoo,68,MV,1551663545,98,-0.6,73.08,302.062,5.01
498,Komsomolskiy,44,RU,1551663676,44,67.55,63.78,251.262,5.06
499,Bartica,20,GY,1551661200,94,6.41,-58.62,297.15,2.1
500,Samarai,0,PG,1551663833,100,-10.62,150.67,301.862,2.06
501,Kon Tum,44,VN,1551663967,78,14.36,108.0,296.637,1.16
502,Coahuayana,8,MX,1551663553,54,18.62,-100.35,296.012,0.91
503,Boyolangu,68,ID,1551663839,94,-8.09,111.9,298.887,1.86
504,Mogadishu,48,SO,1551663683,100,2.04,45.34,299.212,4.81
505,Morristown,90,US,1551663494,93,36.21,-83.29,278.71,4.6
506,Kualakapuas,20,ID,1551661200,94,-3.01,114.39,299.15,3.1
507,That Phanom,75,TH,1551661200,94,16.94,104.73,297.15,3.1
508,Tuy Hoa,0,VN,1551663968,80,13.08,109.3,300.312,3.26
509,Allacapan,0,PH,1551663968,60,18.23,121.55,301.887,1.71
510,Poronaysk,56,RU,1551663969,75,49.22,143.1,268.112,1.66
511,Kalmunai,20,LK,1551663593,91,7.42,81.82,299.512,1.91
512,Nishihara,90,JP,1551663962,93,35.74,139.53,284.26,4.1
513,Joao Pinheiro,48,BR,1551663970,86,-17.74,-46.17,294.437,1.06
514,Abha,0,SA,1551661200,62,18.22,42.5,285.15,2.6
515,Hikari,75,JP,1551663516,76,33.97,131.95,287.59,1.5
516,Aden,88,YE,1551663971,100,12.79,45.03,298.512,1.41
517,Tarakan,40,ID,1551661200,70,3.3,117.63,302.15,2.1
518,Dublin,20,IE,1551663964,100,53.35,-6.26,275.93,4.6
519,Bao,0,BF,1551663972,52,13.0,-3.22,287.412,1.76
520,Horodnytsya,92,UA,1551663972,94,50.81,27.32,278.287,8.06
521,Guiratinga,12,BR,1551663973,91,-16.35,-53.76,294.512,1.41
522,Grootfontein,36,NA,1551663973,87,-19.56,18.1,290.162,1.41
523,Monteagudo,80,BO,1551663973,95,-19.8,-63.96,291.187,1.11
524,Bossangoa,32,CF,1551663974,94,6.5,17.45,293.562,3.91
525,Shimoda,75,JP,1551663611,87,34.7,138.93,285.37,10.3
526,Tieli,0,CN,1551663974,37,46.98,128.05,281.212,1.76
527,Cajibio,36,CO,1551663974,89,2.03,-76.62,283.912,0.61
528,Judaberg,90,NO,1551663966,87,59.17,5.87,279.26,4.1
529,Preobrazheniye,0,RU,1551663557,39,42.9,133.91,280.062,0.61
530,Ampere,75,US,1551663973,76,38.1,-121.24,289.15,5.1
531,Aitape,92,PG,1551663794,87,-3.15,142.36,301.437,3.11
532,Markala,0,ML,1551663976,60,13.69,-6.07,285.662,1.26
533,Stanger,0,ZA,1551663904,88,-29.34,31.29,295.37,1.5
534,Letlhakane,0,BW,1551663976,56,-21.42,25.59,295.512,6.26
535,Rio Grande,0,BR,1551663419,91,-32.03,-52.1,294.612,5.71
536,Ayolas,0,PY,1551663977,59,-27.39,-56.84,298.862,5.56
537,Bilgoraj,0,PL,1551663712,70,50.54,22.72,280.37,8.2
538,Diamantino,64,BR,1551663977,94,-14.4,-56.44,295.437,2.71
539,Donskoye,75,RU,1551661200,79,45.45,41.98,271.15,6.0
540,Suez,0,EG,1551663978,84,29.97,32.54,278.762,1.31
541,Tahe,32,CN,1551663978,62,52.34,124.71,270.312,1.56
542,Batticaloa,56,LK,1551663933,99,7.71,81.69,300.187,1.16
543,Karangasem,92,ID,1551663979,100,-6.7,108.49,300.962,0.76
544,Harindanga,40,IN,1551661200,94,22.04,88.32,294.15,2.6
545,Daru,0,SL,1551663626,72,7.99,-10.85,293.962,2.06
